% start	end	CellId	IMSI	RNTI	LCID	nTxPDUs	TxBytes	nRxPDUs	RxBytes	delay	stdDev	min	max	PduSize	stdDev	min	max
0	0.25	1	1	2	3	18	38352	17	36156	0.003	0	0.003	0.003	2126.82	33.008	2112	2196	
0	0.25	1	2	1	3	19	39492	18	37296	0.003	0	0.003	0.003	2072	256.051	1056	2196	
0.25	0.5	1	1	2	3	125	273351	125	273351	0.003	0	0.003	0.003	2186.81	24.21	2112	2196	
0.25	0.5	1	2	1	3	125	273351	125	273351	0.003	0	0.003	0.003	2186.81	24.21	2112	2196	
0.5	0.75	1	1	2	3	125	273460	125	273460	0.003	0	0.003	0.003	2187.68	23.2287	2112	2196	
0.5	0.75	1	2	1	3	125	273435	125	273460	0.003	0	0.003	0.003	2187.68	23.2287	2112	2196	
0.75	1	1	1	2	3	125	273351	125	273351	0.003	0	0.003	0.003	2186.81	24.21	2112	2196	
0.75	1	1	2	1	3	125	273292	125	273267	0.003	0	0.003	0.003	2186.14	25.1022	2112	2196	
1	1.25	1	1	2	3	125	273351	125	273351	0.003	0	0.003	0.003	2186.81	24.21	2112	2196	
1	1.25	1	2	1	3	125	273351	125	273351	0.003	0	0.003	0.003	2186.81	24.21	2112	2196	
1.25	1.5	1	1	2	3	125	273267	125	273267	0.003	0	0.003	0.003	2186.14	25.1022	2112	2196	
1.25	1.5	1	2	1	3	125	273351	125	273351	0.003	0	0.003	0.003	2186.81	24.21	2112	2196	
1.5	1.75	1	1	2	3	125	273435	125	273460	0.003	0	0.003	0.003	2187.68	23.2287	2112	2196	
1.5	1.75	1	2	1	3	125	273351	125	273435	0.003	0	0.003	0.003	2187.48	23.2641	2112	2196	
1.75	2	1	1	2	3	125	273376	125	273351	0.003	0	0.003	0.003	2186.81	24.21	2112	2196	
1.75	2	1	2	1	3	125	273460	125	273376	0.003	0	0.003	0.003	2187.01	24.1816	2112	2196	
2	2.25	1	1	2	3	125	273351	125	273351	0.003	0	0.003	0.003	2186.81	24.21	2112	2196	
2	2.25	1	2	1	3	125	273267	125	273267	0.003	0	0.003	0.003	2186.14	25.1022	2112	2196	
2.25	2.5	1	1	2	3	125	273351	125	273351	0.003	0	0.003	0.003	2186.81	24.21	2112	2196	
2.25	2.5	1	2	1	3	125	273351	125	273351	0.003	0	0.003	0.003	2186.81	24.21	2112	2196	
2.5	2.75	1	1	2	3	125	273267	125	273351	0.003	0	0.003	0.003	2186.81	24.21	2112	2196	
2.5	2.75	1	2	1	3	125	273351	125	273351	0.003	0	0.003	0.003	2186.81	24.21	2112	2196	
2.75	3	1	1	2	3	125	273460	125	273376	0.003	0	0.003	0.003	2187.01	24.1816	2112	2196	
2.75	3	1	2	1	3	125	273460	125	273460	0.003	0	0.003	0.003	2187.68	23.2287	2112	2196	
3	3.25	1	1	2	3	125	273351	125	273351	0.003	0	0.003	0.003	2186.81	24.21	2112	2196	
3	3.25	1	2	1	3	125	273351	125	273351	0.003	0	0.003	0.003	2186.81	24.21	2112	2196	
3.25	3.5	1	1	2	3	125	273351	125	273351	0.003	0	0.003	0.003	2186.81	24.21	2112	2196	
3.25	3.5	1	2	1	3	125	273267	125	273267	0.003	0	0.003	0.003	2186.14	25.1022	2112	2196	
3.5	3.75	1	1	2	3	125	273351	125	273351	0.003	0	0.003	0.003	2186.81	24.21	2112	2196	
3.5	3.75	1	2	1	3	125	273351	125	273351	0.003	0	0.003	0.003	2186.81	24.21	2112	2196	
3.75	4	1	1	2	3	125	273435	125	273460	0.003	0	0.003	0.003	2187.68	23.2287	2112	2196	
3.75	4	1	2	1	3	125	273435	125	273460	0.003	0	0.003	0.003	2187.68	23.2287	2112	2196	
4	4.25	1	1	2	3	125	273292	125	273267	0.003	0	0.003	0.003	2186.14	25.1022	2112	2196	
4	4.25	1	2	1	3	125	273376	125	273351	0.003	0	0.003	0.003	2186.81	24.21	2112	2196	
4.25	4.5	1	1	2	3	125	273351	125	273351	0.003	0	0.003	0.003	2186.81	24.21	2112	2196	
4.25	4.5	1	2	1	3	125	273351	125	273351	0.003	0	0.003	0.003	2186.81	24.21	2112	2196	
4.5	4.75	1	1	2	3	125	273351	125	273351	0.003	0	0.003	0.003	2186.81	24.21	2112	2196	
4.5	4.75	1	2	1	3	125	273267	125	273267	0.003	0	0.003	0.003	2186.14	25.1022	2112	2196	
4.75	5	1	1	2	3	125	273351	125	273435	0.003	0	0.003	0.003	2187.48	23.2641	2112	2196	
4.75	5	1	2	1	3	125	273351	125	273435	0.003	0	0.003	0.003	2187.48	23.2641	2112	2196	
5	5.25	1	1	2	3	125	273460	125	273376	0.003	0	0.003	0.003	2187.01	24.1816	2112	2196	
5	5.25	1	2	1	3	125	273460	125	273376	0.003	0	0.003	0.003	2187.01	24.1816	2112	2196	
5.25	5.5	1	1	2	3	125	273267	125	273267	0.003	0	0.003	0.003	2186.14	25.1022	2112	2196	
5.25	5.5	1	2	1	3	125	273351	125	273351	0.003	0	0.003	0.003	2186.81	24.21	2112	2196	
5.5	5.75	1	1	2	3	125	273351	125	273351	0.003	0	0.003	0.003	2186.81	24.21	2112	2196	
5.5	5.75	1	2	1	3	125	273351	125	273351	0.003	0	0.003	0.003	2186.81	24.21	2112	2196	
5.75	6	1	1	2	3	125	273351	125	273351	0.003	0	0.003	0.003	2186.81	24.21	2112	2196	
5.75	6	1	2	1	3	125	273267	125	273267	0.003	0	0.003	0.003	2186.14	25.1022	2112	2196	
6	6.25	1	1	2	3	125	273460	125	273460	0.003	0	0.003	0.003	2187.68	23.2287	2112	2196	
6	6.25	1	2	1	3	125	273460	125	273460	0.003	0	0.003	0.003	2187.68	23.2287	2112	2196	
6.25	6.5	1	1	2	3	125	273351	125	273351	0.003	0	0.003	0.003	2186.81	24.21	2112	2196	
6.25	6.5	1	2	1	3	125	273351	125	273351	0.003	0	0.003	0.003	2186.81	24.21	2112	2196	
6.5	6.75	1	1	2	3	125	273267	125	273267	0.003	0	0.003	0.003	2186.14	25.1022	2112	2196	
6.5	6.75	1	2	1	3	125	273351	125	273351	0.003	0	0.003	0.003	2186.81	24.21	2112	2196	
6.75	7	1	1	2	3	125	273351	125	273351	0.003	0	0.003	0.003	2186.81	24.21	2112	2196	
6.75	7	1	2	1	3	125	273351	125	273351	0.003	0	0.003	0.003	2186.81	24.21	2112	2196	
7	7.25	1	1	2	3	125	273435	125	273460	0.003	0	0.003	0.003	2187.68	23.2287	2112	2196	
7	7.25	1	2	1	3	125	273351	125	273435	0.003	0	0.003	0.003	2187.48	23.2641	2112	2196	
7.25	7.5	1	1	2	3	125	273376	125	273351	0.003	0	0.003	0.003	2186.81	24.21	2112	2196	
7.25	7.5	1	2	1	3	125	273376	125	273292	0.003	0	0.003	0.003	2186.34	25.0802	2112	2196	
7.5	7.75	1	1	2	3	125	273351	125	273351	0.003	0	0.003	0.003	2186.81	24.21	2112	2196	
7.5	7.75	1	2	1	3	125	273351	125	273351	0.003	0	0.003	0.003	2186.81	24.21	2112	2196	
7.75	8	1	1	2	3	125	273267	125	273267	0.003	0	0.003	0.003	2186.14	25.1022	2112	2196	
7.75	8	1	2	1	3	125	273351	125	273351	0.003	0	0.003	0.003	2186.81	24.21	2112	2196	
8	8.25	1	1	2	3	125	273351	125	273435	0.003	0	0.003	0.003	2187.48	23.2641	2112	2196	
8	8.25	1	2	1	3	125	273351	125	273351	0.003	0	0.003	0.003	2186.81	24.21	2112	2196	
8.25	8.5	1	1	2	3	125	273460	125	273376	0.003	0	0.003	0.003	2187.01	24.1816	2112	2196	
8.25	8.5	1	2	1	3	125	273460	125	273460	0.003	0	0.003	0.003	2187.68	23.2287	2112	2196	
8.5	8.75	1	1	2	3	125	273351	125	273351	0.003	0	0.003	0.003	2186.81	24.21	2112	2196	
8.5	8.75	1	2	1	3	125	273267	125	273267	0.003	0	0.003	0.003	2186.14	25.1022	2112	2196	
8.75	9	1	1	2	3	125	273351	125	273351	0.003	0	0.003	0.003	2186.81	24.21	2112	2196	
8.75	9	1	2	1	3	125	273351	125	273351	0.003	0	0.003	0.003	2186.81	24.21	2112	2196	
9	9.25	1	1	2	3	125	273267	125	273267	0.003	0	0.003	0.003	2186.14	25.1022	2112	2196	
9	9.25	1	2	1	3	125	273351	125	273351	0.003	0	0.003	0.003	2186.81	24.21	2112	2196	
9.25	9.5	1	1	2	3	125	273460	125	273460	0.003	0	0.003	0.003	2187.68	23.2287	2112	2196	
9.25	9.5	1	2	1	3	125	273435	125	273460	0.003	0	0.003	0.003	2187.68	23.2287	2112	2196	
9.5	9.75	1	1	2	3	125	273351	125	273351	0.003	0	0.003	0.003	2186.81	24.21	2112	2196	
9.5	9.75	1	2	1	3	125	273376	125	273351	0.003	0	0.003	0.003	2186.81	24.21	2112	2196	
9.75	10	1	1	2	3	125	273351	125	273351	0.003	0	0.003	0.003	2186.81	24.21	2112	2196	
9.75	10	1	2	1	3	125	273267	125	273267	0.003	0	0.003	0.003	2186.14	25.1022	2112	2196	
